SM:
3,2,4;5,6,1;0,0,0;-
G:
6b1,4b5,5b3,2b6,1l3;4b6,6b2,3b5,5b1;1b4,2l6,2b1,3b5,5l1;-
R:
0.2
0.22
0.22
0.23
0.38
0.38
0.38
0.38
0.38
0.38
0.38
0.38
0.38
0.38
0.38
0.38
0.47
0.47
0.47
0.47
0.47
0.47
0.47
0.47
0.47
0.47
0.47
0.47
0.47
0.47
0.47
0.47
0.47
0.47
0.47
0.47
0.47
0.47
0.47
0.47
0.47
0.47
0.47
0.47
0.47
0.47
0.47
0.47
0.47
0.47
0.47
0.47
0.47
0.47
0.47
0.47
0.47
0.47
0.47
0.47
0.47
0.47
0.47
0.47
0.47
0.47
0.47
0.47
0.47
0.47
0.47
0.47
0.47
0.47
0.47
0.47
0.47
0.47
0.47
0.47
0.47
0.47
0.47
0.47
0.47
0.47
0.47
0.47
0.47
0.47
0.54
0.54
0.54
0.54
0.54
0.54
0.54
0.54
0.54
0.54
0.54
0.54
0.54
0.54
0.54
0.54
0.54
0.54
0.54
0.54
0.54
0.54
0.54
0.54
0.54
0.54
0.54
0.54
0.54
0.54
0.54
0.54
0.54
0.54
0.54
0.54
0.54
0.54
0.54
0.54
0.54
0.54
0.54
0.54
0.54
0.54
0.54
0.54
0.54
0.54
0.54
0.54
0.54
0.54
0.54
0.54
0.54
0.54
0.54
0.54
0.54
0.54
0.54
0.54
0.54
0.54
0.54
0.54
0.54
0.54
0.54
0.54
0.54
0.54
0.57
0.57
0.57
0.57
0.57
0.57
0.57
0.57
0.57
0.57
0.57
0.57
0.57
0.57
0.57
0.58
0.58
0.58
0.58
0.58
0.58
0.58
0.58
0.58
0.58
0.58
0.58
0.58
0.58
0.6
0.6
0.6
0.6
0.6
0.67
0.67
0.67
0.67
0.67
0.76
0.76
0.76
0.76
0.76
0.76
0.76
0.76
0.76
0.76
0.76
0.76
0.76
0.76
0.76
0.76
0.76
0.76
0.76
0.76
0.76
0.76
0.76
0.76
0.76
0.95
0.95
0.95
0.95
0.95
0.95
0.95
0.95
0.95
0.95
0.95
0.95
0.95
0.95
0.95
0.95
0.95
0.95
0.95
0.95
0.95
0.95
0.95
0.95
0.95
0.95
0.95
0.95
0.95
0.95
0.95
0.95
0.95
0.95
0.95
0.95
0.95
0.95
0.95
0.95
0.95
0.95
0.95
0.95
0.95
0.95
0.95
0.95
0.95
0.95
0.95
0.95
0.95
0.95
0.95
0.95
0.95
0.95
0.95
0.95
0.95
0.95
0.95
0.95
0.95
0.95
0.95
0.95
1.0
