SM:
3,2,4;5,6,1;0,0,0;-
G:
6b1,4b5,5b3,2b6,1l3;4b6,6b2,3b5,5b1;1b4,2l6,2b1,3b5,5l1;-
R:
0.333
0.4835
0.4835
0.4835
0.4835
0.4835
0.4915
0.715
0.715
0.715
0.715
0.73
0.73
0.73
0.73
0.73
0.73
0.73
0.73
0.73
0.73
0.73
0.73
0.73
0.73
0.73
0.73
0.73
0.73
0.73
0.73
0.73
0.73
0.73
0.73
0.73
0.73
0.73
0.73
0.73
0.73
0.73
0.73
0.73
0.73
0.73
0.73
0.73
0.73
0.73
0.73
0.73
0.73
0.73
0.793
0.793
0.793
0.793
0.793
0.793
0.793
0.793
0.793
0.793
0.793
0.793
0.793
0.793
0.793
0.793
0.793
0.793
0.793
0.793
0.793
0.793
0.793
0.793
0.793
0.793
0.793
0.793
0.793
0.793
0.793
0.793
0.793
0.793
0.793
0.793
0.8565
0.8565
0.8565
0.8565
0.8565
0.8565
0.8565
0.8565
0.8565
0.8565
0.8565
0.8565
0.8565
0.8565
0.8565
0.8565
0.8565
0.8565
0.8565
0.8565
0.8565
0.8565
0.8565
0.8565
0.8565
0.8565
0.8565
0.8565
0.8565
0.8565
0.8565
0.8565
0.8565
0.8565
0.8565
0.8565
0.8565
0.8565
0.8565
0.8565
0.8565
0.8565
0.8565
0.8565
0.8565
0.8565
0.8565
0.8565
0.8565
0.8565
0.8565
0.8565
0.8565
0.8565
0.8565
0.8565
0.8565
0.8565
0.8565
0.8565
0.8565
0.8565
0.8565
0.8565
0.8945
0.8945
0.8945
0.8945
0.8945
0.8945
0.8945
0.8945
0.8945
0.8945
0.8945
0.8945
0.8945
0.8945
0.8945
0.8945
0.8945
0.8945
0.8945
0.8945
0.8945
0.92
0.92
0.92
0.92
0.92
0.92
0.92
0.92
0.92
0.92
0.92
0.92
0.92
0.92
0.92
0.92
0.92
0.92
0.92
0.92
0.92
0.92
0.92
0.92
0.92
0.92
0.92
0.92
0.92
0.92
0.92
0.92
0.92
0.92
0.92
0.92
0.92
0.92
0.92
0.92
0.92
0.92
0.92
0.92
0.92
0.92
0.92
0.92
0.92
0.92
0.92
0.92
0.92
0.92
0.92
0.92
0.92
0.92
0.92
0.92
0.92
0.92
0.92
0.92
0.92
0.92
0.92
0.92
0.92
0.92
0.92
0.92
0.92
0.92
0.92
0.92
0.92
0.92
0.92
0.92
0.92
0.92
0.92
0.92
0.92
0.92
0.92
0.92
0.92
0.92
0.92
0.92
0.92
0.92
0.92
0.92
0.92
0.92
0.92
0.92
0.92
0.92
0.92
0.92
0.92
0.92
0.92
0.92
0.92
0.92
0.92
0.92
0.92
0.92
0.92
0.92
0.92
0.92
0.92
0.92
0.92
0.92
0.92
0.92
0.92
0.92
0.92
0.92
0.92
0.92
0.92
0.92
0.92
0.92
0.92
0.92
0.92
0.92
0.92
0.92
0.92
0.92
0.92
0.92
0.92
0.92
0.92
0.92
0.92
0.92
0.92
0.92
0.92
0.92
0.92
0.92
0.92
0.92
0.92
0.92
0.92
0.92
0.92
0.92
0.92
0.92
0.92
0.92
0.92
0.92
0.92
0.92
0.92
0.92
0.92
0.92
0.92
0.92
0.92
0.92
0.92
0.92
0.92
0.92
0.92
0.92
0.92
0.92
0.92
0.92
0.92
0.92
0.92
0.92
0.92
0.92
0.92
0.92
0.92
0.92
0.92
0.92
0.92
0.92
0.983
0.983
0.983
0.983
0.983
0.983
0.983
0.983
0.983
0.983
0.983
0.983
0.983
0.983
0.983
0.983
0.983
0.983
0.983
0.983
0.983
0.983
1.0
