SM:
5,1,4;0,2,6;0,3,0;-
G:
3b2,5b6,2l6,5l4,4b1;5l1,5b6,3l4,6b3,2b4,1b2;1b6,3b2,5l1,1l4,3l6;-
R:
0.1705
0.1705
0.1705
0.1705
0.1705
0.253
0.253
0.333
0.4385
0.4385
0.4385
0.459
0.459
0.459
0.4755
0.4755
0.4755
0.4755
0.4755
0.4755
0.4755
0.4755
0.4755
0.4755
0.4755
0.5275
0.5275
0.5275
0.5275
0.5275
0.5275
0.5275
0.5275
0.5275
0.5275
0.544
0.544
0.544
0.544
0.544
0.544
0.544
0.544
0.544
0.544
0.544
0.544
0.544
0.544
0.544
0.544
0.544
0.544
0.544
0.544
0.544
0.544
0.544
0.544
0.544
0.544
0.544
0.544
0.544
0.7805
0.7805
0.7805
0.7805
0.7805
0.7805
0.7805
0.7805
0.7805
0.7805
0.7805
0.7805
0.983
0.983
0.983
0.983
0.983
0.983
0.983
0.983
0.983
0.983
0.983
0.983
0.983
0.983
0.983
0.983
0.983
0.983
0.983
0.983
0.983
0.983
0.983
0.983
0.983
0.983
0.983
0.983
0.983
0.983
0.983
0.983
0.983
0.983
0.983
0.983
0.983
0.983
0.983
0.983
0.983
0.983
0.983
0.983
0.983
0.983
0.983
0.983
0.983
0.983
0.983
0.983
0.983
0.983
0.983
0.983
0.983
0.983
0.983
0.983
0.983
0.983
0.983
0.983
0.983
0.983
0.983
0.983
0.983
0.983
0.983
0.983
0.983
0.983
0.983
0.983
0.983
0.983
0.983
0.983
0.983
0.983
0.983
0.983
1.0
