SM:
4,1,3;2,5,0;6,0,0;-
G:
2b5,1l6,1b3,4b2,2l3;6b2,1b5,1l6,3l1;4b2,5b1,2b3,6b5;-
R:
0.45
0.45
0.45
0.45
0.45
0.45
0.46
0.48
0.48
0.48
0.48
0.49
0.49
0.49
0.49
0.49
0.53
0.53
0.55
0.55
0.55
0.55
0.55
0.55
0.55
0.58
0.62
0.62
0.62
0.62
0.62
0.62
0.62
0.62
0.62
0.62
0.62
0.62
0.62
0.62
0.62
0.62
0.62
0.62
0.62
0.62
0.62
0.62
0.62
0.62
0.62
0.63
0.63
0.63
0.63
0.63
0.64
0.64
0.65
0.65
0.65
0.65
0.65
0.65
0.65
0.65
0.65
0.65
0.65
0.65
0.65
0.65
0.65
0.65
0.68
0.68
0.68
0.68
0.68
0.68
0.68
0.68
0.68
0.68
0.68
0.68
0.68
0.68
0.68
0.7
0.7
0.7
0.7
0.7
0.7
0.7
0.7
0.7
0.71
0.71
0.71
0.71
0.71
0.71
0.71
0.71
0.71
0.74
0.74
0.74
0.74
0.74
0.74
0.74
0.74
0.74
0.74
0.8
0.8
0.82
0.82
0.82
0.82
0.82
0.82
0.82
0.82
0.82
0.82
0.82
0.82
0.82
0.82
0.82
0.82
0.82
0.82
0.82
0.82
0.82
0.82
0.82
0.82
0.82
0.84
0.84
0.84
0.84
0.86
0.86
0.87
0.87
0.87
0.87
0.87
0.87
0.87
0.87
0.87
0.87
0.87
0.87
0.87
0.87
0.87
0.87
0.87
0.87
0.88
0.88
0.88
0.88
0.88
0.88
0.88
0.88
0.88
0.88
0.88
0.88
0.88
0.88
0.88
0.88
0.88
0.88
0.88
0.88
0.88
0.88
0.88
0.88
0.92
0.92
0.92
0.92
0.92
0.92
0.92
0.92
0.92
0.92
0.92
0.92
0.92
0.92
0.98
0.98
0.98
0.98
0.98
0.98
0.98
0.98
0.98
0.98
0.98
0.98
0.98
0.98
0.98
0.98
0.98
0.98
0.98
0.98
0.98
0.98
0.98
0.98
0.98
0.98
0.98
0.98
0.98
0.98
0.98
0.98
0.98
0.98
0.98
0.98
0.98
0.98
0.98
0.98
0.98
0.98
0.98
0.98
0.98
0.98
0.98
0.98
0.98
0.98
0.98
0.98
0.98
0.98
0.98
0.98
0.98
0.98
0.98
0.98
0.98
0.98
0.98
0.98
0.98
0.98
0.98
0.98
0.98
0.98
0.98
0.98
0.98
0.98
0.98
0.98
0.98
0.98
0.98
0.98
0.98
0.98
0.98
0.98
0.98
0.98
0.98
0.98
0.98
0.98
0.98
0.98
0.98
0.98
0.98
0.98
0.98
0.98
0.98
0.98
0.98
0.98
0.98
0.98
0.98
0.98
0.98
0.98
0.98
0.98
0.98
0.98
0.98
0.98
0.98
0.98
0.98
0.98
0.98
0.98
0.98
0.98
0.98
0.98
0.98
0.98
0.98
0.98
0.98
0.98
0.98
0.98
0.98
0.98
0.98
0.98
0.98
0.98
0.98
0.98
0.98
0.98
0.98
0.98
0.98
0.98
0.98
0.98
0.98
0.98
0.98
0.98
0.98
0.98
0.98
0.98
0.98
0.98
0.98
0.98
0.98
0.98
0.98
0.98
0.98
0.98
0.98
0.98
0.98
0.98
0.98
0.98
0.98
0.98
0.98
0.98
0.98
0.98
0.98
0.98
0.98
0.98
0.98
0.98
0.98
0.98
1.0
