SM:
1,3,5;6,0,2;0,0,4;-
G:
4b1,5b2,3l5,3b4,4l2;2b1,5b2,6l2,3b6,3l5,4l3;5b2,3l5,4l2,1b6,1l3;-
R:
0.253
0.253
0.597
0.597
0.597
0.597
0.597
0.597
0.597
0.597
0.597
0.597
0.597
0.597
0.597
0.597
0.597
0.597
0.597
0.597
0.597
0.823
0.823
0.823
0.823
0.823
0.823
0.823
0.823
0.823
0.823
0.823
0.823
0.823
0.823
0.823
0.823
0.823
0.823
0.823
0.823
0.823
0.823
0.823
0.823
0.823
0.823
0.823
0.823
0.823
0.823
0.823
0.823
0.823
0.823
0.823
0.823
0.823
0.823
0.823
0.823
0.823
0.9665
0.9665
0.9665
0.9665
0.983
0.983
0.983
0.983
0.983
0.983
0.983
1.0
